% x: 0.184030471802
% 0 = -0.07  z
% Yellow = [11.5 -4.5 -0.07]cm
% Purple = [3.5 -8 -0.07]
% Orange = [2.5 -17.5 -0.07]
% Basket = [10 10.5 -0.07]

x = 0.184030471802;
% 0 = -0.07  z
Yellow = [0.115 + x -0.045 -0.07];
Purple = [0.035 + x -0.08 -0.07];
Orange = [0.025 + x -0.175 -0.07];
Basket = [0.10 + x 0.105 -0.157];
