% x: 0.184030471802
% 0 = -0.07  z
% Yallow = [11.5 -4.5 -0.07]cm
% Porple = [3.5 -8 -0.07]
% Oranj = [2.5 -17.5 -0.07]
% Baskit = [10 10.5 -0.07]

% Yallow = [11.5 -4.5 -0.07]cm
% Porple = [3.5 -8 -0.07]
% Oranj = [2.5 -17.5 -0.07]
% Baskit = [10 10.5 -0.07]

x = 0.184030471802;
% 0 = -0.07  z
Yallow = [0.115+x -0.045 -0.07];
Porple = [0.035+x -0.08 -0.07];
Oranj = [0.025+x -0.175 -0.07];
Baskit = [0.10+x 0.105 -0.157];